10 0.3548177083333333 0.5323893229166666 0.12890625 0.3349609375
10 0.2799479166666667 0.162109375 0.13020833333333334 0.3190104166666667
10 0.673828125 0.15852864583333334 0.20703125 0.3033854166666667
10 0.8943142361111112 0.19368489583333334 0.1636284722222222 0.3528645833333333
10 0.9077690972222222 0.6652018229166666 0.11762152777777778 0.2561848958333333
10 0.2250434027777778 0.4765625 0.2591145833333333 0.2532552083333333
10 0.4700520833333333 0.8299153645833334 0.09375 0.0732421875
10 0.2536892361111111 0.818359375 0.11762152777777778 0.080078125
10 0.4483506944444444 0.9638671875 0.11979166666666667 0.072265625
10 0.6801215277777778 0.91748046875 0.04861111111111111 0.0830078125
10 0.09418402777777778 0.8478190104166666 0.07552083333333333 0.11555989583333333
10 0.5837673611111112 0.8844401041666666 0.11631944444444445 0.06510416666666667
10 0.6495225694444444 0.7565104166666666 0.0881076388888889 0.083984375
10 0.7068142361111112 0.77001953125 0.054253472222222224 0.0986328125
10 0.765625 0.7569986979166666 0.1076388888888889 0.09147135416666667
10 0.8860677083333334 0.8193359375 0.0881076388888889 0.07552083333333333
10 0.931640625 0.9013671875 0.05859375 0.10286458333333333
10 0.8956163194444444 0.9580078125 0.06293402777777778 0.083984375
10 0.3309461805555556 0.896484375 0.07855902777777778 0.09765625
10 0.11870659722222222 0.7259114583333334 0.12456597222222222 0.0546875
10 0.08506944444444445 0.2692057291666667 0.11631944444444445 0.16145833333333334