18 0.535 0.43058161350844276 0.215 0.37335834896810505
18 0.348125 0.44183864915572235 0.18625 0.3320825515947467
18 0.474375 0.7307692307692307 0.21875 0.2795497185741088
18 0.201875 0.624765478424015 0.30375 0.36397748592870544
18 0.185 0.27861163227016883 0.3 0.4333958724202627
18 0.435625 0.22795497185741087 0.24625 0.30956848030018763
18 0.684375 0.3424015009380863 0.27125 0.3771106941838649
18 0.71125 0.7045028142589118 0.1775 0.28330206378986866
18 0.66875 0.5281425891181989 0.2075 0.21951219512195122
18 0.821875 0.6454033771106942 0.15375 0.28893058161350843
18 0.5975 0.7833020637898687 0.41 0.3883677298311445