8 0.330625 0.6161111111111112 0.19 0.7677777777777778
8 0.5765625 0.35055555555555556 0.276875 0.6011111111111112
8 0.776875 0.5722222222222222 0.26125 0.3
8 0.8840625 0.31666666666666665 0.131875 0.5466666666666666
8 0.229375 0.5711111111111111 0.155 0.7955555555555556
8 0.493125 0.32166666666666666 0.12 0.61
8 0.0721875 0.5005555555555555 0.116875 0.9966666666666667
8 0.586875 0.8672222222222222 0.2975 0.26555555555555554
8 0.7778125 0.9055555555555556 0.196875 0.14444444444444443
8 0.3971875 0.7561111111111111 0.081875 0.48777777777777775
8 0.3575 0.23944444444444443 0.0875 0.4722222222222222
8 0.948125 0.6761111111111111 0.09875 0.3788888888888889
8 0.768125 0.39555555555555555 0.1075 0.3377777777777778
8 0.7734375 0.2594444444444444 0.138125 0.43444444444444447