10 0.5754166666666667 0.5675 0.07916666666666666 0.1425
10 0.6595833333333333 0.5771875 0.03916666666666667 0.120625
10 0.855 0.7390625 0.08 0.149375
10 0.7 0.731875 0.051666666666666666 0.1375
10 0.32666666666666666 0.7803125 0.15166666666666667 0.080625
10 0.5325 0.893125 0.06166666666666667 0.145
10 0.3283333333333333 0.6228125 0.06333333333333334 0.099375
10 0.3229166666666667 0.3871875 0.04583333333333333 0.110625
10 0.26958333333333334 0.4196875 0.0625 0.128125
10 0.23083333333333333 0.6215625 0.1 0.086875
10 0.6395833333333333 0.4021875 0.034166666666666665 0.099375
10 0.7266666666666667 0.165 0.04833333333333333 0.1025
10 0.3770833333333333 0.2475 0.03916666666666667 0.09125
10 0.38875 0.8259375 0.0625 0.136875