25 0.8298611111111112 0.19140625 0.0763888888888889 0.06640625
25 0.8298611111111112 0.09716796875 0.09027777777777778 0.0439453125
25 0.6440972222222222 0.1650390625 0.0798611111111111 0.025390625
25 0.2986111111111111 0.14697265625 0.0625 0.0419921875
25 0.3446180555555556 0.1708984375 0.078125 0.0390625
25 0.5789930555555556 0.525390625 0.0920138888888889 0.02734375
25 0.5017361111111112 0.54638671875 0.07291666666666667 0.0283203125
25 0.5538194444444444 0.3349609375 0.04513888888888889 0.0390625
25 0.7491319444444444 0.3134765625 0.08506944444444445 0.029296875
25 0.3489583333333333 0.208984375 0.0798611111111111 0.021484375
25 0.6527777777777778 0.236328125 0.04513888888888889 0.03125
25 0.9331597222222222 0.27587890625 0.046875 0.0517578125
25 0.9079861111111112 0.20263671875 0.0625 0.0361328125
25 0.9123263888888888 0.09375 0.05381944444444445 0.037109375
25 0.24305555555555555 0.078125 0.041666666666666664 0.0546875
25 0.3402777777777778 0.08740234375 0.0625 0.0498046875
25 0.5364583333333334 0.1005859375 0.052083333333333336 0.041015625
25 0.2612847222222222 0.36865234375 0.06770833333333333 0.0283203125
25 0.2942708333333333 0.2744140625 0.07118055555555555 0.0546875
25 0.3836805555555556 0.28564453125 0.07291666666666667 0.0302734375
25 0.3532986111111111 0.25341796875 0.0642361111111111 0.0517578125
25 0.6171875 0.2998046875 0.057291666666666664 0.033203125
25 0.8689236111111112 0.5927734375 0.11631944444444445 0.0390625
25 0.8689236111111112 0.54931640625 0.07465277777777778 0.0380859375
25 0.8454861111111112 0.48486328125 0.09375 0.0361328125
25 0.8689236111111112 0.42041015625 0.0954861111111111 0.0556640625
25 0.7664930555555556 0.3740234375 0.06770833333333333 0.060546875
25 0.7152777777777778 0.41162109375 0.08680555555555555 0.0322265625
25 0.16145833333333334 0.51806640625 0.04513888888888889 0.0751953125
25 0.3307291666666667 0.54443359375 0.11284722222222222 0.0498046875
25 0.3689236111111111 0.5703125 0.10243055555555555 0.044921875
25 0.4010416666666667 0.48046875 0.1076388888888889 0.041015625
25 0.2638888888888889 0.47705078125 0.12152777777777778 0.0517578125
25 0.4227430555555556 0.41162109375 0.050347222222222224 0.0400390625
25 0.3802083333333333 0.38623046875 0.041666666666666664 0.0458984375
25 0.4331597222222222 0.33984375 0.06770833333333333 0.02734375
25 0.4930555555555556 0.32470703125 0.04861111111111111 0.0458984375
25 0.4730902777777778 0.365234375 0.057291666666666664 0.033203125
25 0.5269097222222222 0.44287109375 0.08506944444444445 0.0361328125
25 0.6041666666666666 0.431640625 0.0625 0.041015625
25 0.6310763888888888 0.462890625 0.08159722222222222 0.033203125
25 0.5381944444444444 0.47412109375 0.1076388888888889 0.0283203125