25 0.7041666666666667 0.9374307862679956 0.08833333333333333 0.12513842746400886
25 0.6127777777777778 0.9147286821705426 0.12333333333333334 0.17054263565891473
25 0.24722222222222223 0.937984496124031 0.07333333333333333 0.12403100775193798
25 0.5216666666666666 0.49667774086378735 0.06666666666666667 0.1716500553709856
25 0.4638888888888889 0.6622369878183831 0.08444444444444445 0.10188261351052048
25 0.10555555555555556 0.4883720930232558 0.06333333333333334 0.07751937984496124
25 0.1638888888888889 0.6052048726467331 0.1288888888888889 0.14950166112956811
25 0.5844444444444444 0.6699889258028793 0.07222222222222222 0.07751937984496124
25 0.6558333333333334 0.20044296788482835 0.06277777777777778 0.21040974529346623
25 0.7633333333333333 0.1256921373200443 0.07 0.20044296788482835
25 0.8633333333333333 0.22369878183831673 0.07111111111111111 0.19047619047619047
25 0.9552777777777778 0.3073089700996678 0.08722222222222223 0.13399778516057587
25 0.8697222222222222 0.42081949058693247 0.10277777777777777 0.20376522702104097
25 0.7569444444444444 0.45348837209302323 0.07611111111111112 0.13399778516057587
25 0.7272222222222222 0.6162790697674418 0.06444444444444444 0.1805094130675526
25 0.6644444444444444 0.420265780730897 0.056666666666666664 0.11184939091915837
25 0.5877777777777777 0.3909191583610188 0.06333333333333334 0.24363233665559247
25 0.46166666666666667 0.14451827242524917 0.08888888888888889 0.20487264673311184
25 0.36583333333333334 0.10741971207087486 0.10722222222222222 0.19490586932447398
25 0.17916666666666667 0.43023255813953487 0.06722222222222222 0.11184939091915837
25 0.3169444444444444 0.44019933554817275 0.09722222222222222 0.1716500553709856
25 0.39166666666666666 0.42857142857142855 0.07111111111111111 0.18383167220376523
25 0.4216666666666667 0.3233665559246955 0.043333333333333335 0.22812846068660023
25 0.4575 0.3770764119601329 0.05388888888888889 0.1849390919158361
25 0.4297222222222222 0.5382059800664452 0.075 0.15503875968992248