18 0.29625 0.42964352720450283 0.1075 0.1951219512195122
18 0.24125 0.5675422138836773 0.1375 0.16322701688555347
18 0.7475 0.798311444652908 0.135 0.19699812382739212
18 0.701875 0.7045028142589118 0.14875 0.10694183864915573
18 0.794375 0.5872420262664165 0.13625 0.1200750469043152
18 0.798125 0.4849906191369606 0.11625 0.1294559099437148
18 0.730625 0.5037523452157598 0.09875 0.17448405253283303
18 0.854375 0.34146341463414637 0.06375 0.14634146341463414
18 0.425 0.36679174484052535 0.125 0.18198874296435272
18 0.5275 0.3949343339587242 0.1175 0.19324577861163228
18 0.616875 0.3602251407129456 0.09875 0.13133208255159476
18 0.581875 0.24577861163227016 0.11375 0.1425891181988743
18 0.87375 0.24765478424015008 0.1375 0.13133208255159476
18 0.915 0.8123827392120075 0.145 0.31144465290806755
18 0.66375 0.6125703564727955 0.1375 0.16322701688555347
18 0.543125 0.6097560975609756 0.12625 0.10131332082551595
18 0.728125 0.16604127579737335 0.10125 0.1294559099437148
18 0.5475 0.1848030018761726 0.1375 0.1294559099437148
18 0.483125 0.7842401500938087 0.20875 0.30393996247654786