25 0.5537037037037037 0.8506172839506173 0.1837962962962963 0.29876543209876544
25 0.8763888888888889 0.44614197530864197 0.22268518518518518 0.28672839506172837
25 0.658449074074074 0.4027777777777778 0.10856481481481481 0.16234567901234567
25 0.7467592592592592 0.42746913580246915 0.13842592592592592 0.15925925925925927
25 0.3247685185185185 0.17037037037037037 0.28055555555555556 0.295679012345679
25 0.5422453703703703 0.2569444444444444 0.23587962962962963 0.2095679012345679
25 0.33125 0.5796296296296296 0.12222222222222222 0.2765432098765432
25 0.14085648148148147 0.591820987654321 0.18125 0.2799382716049383
25 0.19444444444444445 0.28780864197530864 0.2861111111111111 0.18302469135802468
25 0.5192129629629629 0.5035493827160494 0.18981481481481483 0.18796296296296297
25 0.7078703703703704 0.7699074074074074 0.12916666666666668 0.37376543209876545