10 0.44689542483660133 0.46982230392156865 0.23366013071895425 0.5217524509803921
10 0.8082107843137255 0.43183210784313725 0.10008169934640523 0.31893382352941174
10 0.641952614379085 0.7159926470588235 0.30269607843137253 0.25980392156862747
10 0.5351307189542484 0.9082414215686274 0.33986928104575165 0.18351715686274508
10 0.1983251633986928 0.7271752450980392 0.3084150326797386 0.17861519607843138
10 0.49693627450980393 0.7809436274509803 0.14256535947712418 0.4381127450980392
10 0.7998366013071896 0.7725183823529411 0.11437908496732026 0.24601715686274508
10 0.2800245098039216 0.10585171568627451 0.497140522875817 0.2037377450980392
10 0.7741013071895425 0.10661764705882353 0.45179738562091504 0.14522058823529413
10 0.25040849673202614 0.3229166666666667 0.37336601307189543 0.19852941176470587
10 0.2406045751633987 0.5755208333333334 0.27205882352941174 0.2852328431372549