5 0.3275 0.5760233918128655 0.19 0.25647451963241436
5 0.55125 0.26357560568086885 0.31083333333333335 0.15121136173767752
5 0.7091666666666666 0.39348370927318294 0.09666666666666666 0.1620718462823726
5 0.7841666666666667 0.5467836257309941 0.13666666666666666 0.1996658312447786
5 0.9329166666666666 0.6048454469507101 0.11083333333333334 0.10526315789473684
5 0.6454166666666666 0.7230576441102757 0.25583333333333336 0.3032581453634085
5 0.23916666666666667 0.8784461152882206 0.17166666666666666 0.23642439431913115
5 0.18666666666666668 0.2932330827067669 0.13666666666666666 0.19548872180451127
5 0.40875 0.17042606516290726 0.2625 0.18379281537176273
5 0.44208333333333333 0.7000835421888053 0.22916666666666666 0.28404344193817876
5 0.23416666666666666 0.5175438596491229 0.12 0.1996658312447786
5 0.17041666666666666 0.6574770258980785 0.19583333333333333 0.12364243943191311
5 0.5783333333333334 0.4974937343358396 0.3 0.15789473684210525
5 0.7120833333333333 0.391812865497076 0.1225 0.18379281537176273
5 0.8283333333333334 0.24227234753550542 0.18 0.18546365914786966
5 0.8858333333333334 0.3412698412698413 0.225 0.12781954887218044
5 0.4091666666666667 0.16541353383458646 0.25166666666666665 0.16875522138680032
5 0.6883333333333334 0.05806182121971595 0.1 0.10944026733500417