25 0.39092240117130306 0.4267578125 0.13469985358711567 0.060546875
25 0.07979502196193265 0.22314453125 0.11566617862371889 0.1064453125
25 0.4787701317715959 0.27294921875 0.16398243045387995 0.0830078125
25 0.6456808199121523 0.806640625 0.08784773060029283 0.10546875
25 0.5922401171303074 0.46630859375 0.08345534407027819 0.0986328125
25 0.5805270863836017 0.15673828125 0.17423133235724744 0.1923828125
25 0.6954612005856515 0.2802734375 0.2342606149341142 0.09765625
25 0.7474377745241582 0.4912109375 0.24743777452415813 0.060546875
25 0.48243045387994143 0.65625 0.15666178623718888 0.095703125
25 0.5373352855051244 0.7646484375 0.2664714494875549 0.09765625
25 0.28550512445095166 0.83984375 0.19619326500732065 0.111328125
25 0.7254758418740849 0.7080078125 0.08052708638360176 0.103515625
25 0.9260614934114202 0.55712890625 0.1390922401171303 0.1064453125
25 0.8338213762811127 0.6953125 0.10102489019033675 0.126953125
25 0.7642752562225475 0.55126953125 0.1581259150805271 0.1337890625