16 0.417340521114106 0.8501849568434032 0.09793351302785265 0.11960542540073983
16 0.3247978436657682 0.8736128236744759 0.1069182389937107 0.11713933415536375
16 0.7619047619047619 0.5727496917385944 0.09164420485175202 0.11713933415536375
16 0.4056603773584906 0.42971639950678175 0.0853548966756514 0.18865598027127004
16 0.3746630727762803 0.5561035758323057 0.10242587601078167 0.13316892725030827
16 0.20350404312668463 0.4358816276202219 0.09074573225516622 0.19112207151664612
16 0.265947888589398 0.5604192355117139 0.1078167115902965 0.11713933415536375
16 0.8351302785265049 0.12638717632552404 0.09433962264150944 0.19852034525277434
16 0.6037735849056604 0.1313193588162762 0.09344115004492363 0.2034525277435265
16 0.4308176100628931 0.23366214549938347 0.11769991015274034 0.1319358816276202
16 0.3643306379155436 0.12330456226880394 0.09793351302785265 0.1997533908754624
16 0.30682839173405213 0.2379778051787916 0.11769991015274034 0.13070283600493218
16 0.20080862533692723 0.2311960542540074 0.10512129380053908 0.1220715166461159
16 0.14779874213836477 0.12145499383477189 0.09793351302785265 0.1812577065351418
16 0.09029649595687332 0.24167694204685575 0.12129380053908356 0.13563501849568435