1 0.2783171521035599 0.7900207900207901 0.22006472491909385 0.41995841995842
1 0.47572815533980584 0.21101871101871103 0.2459546925566343 0.35550935550935553
1 0.8252427184466019 0.3264033264033264 0.20711974110032363 0.2286902286902287
1 0.8317152103559871 0.5862785862785863 0.21035598705501618 0.19126819126819128
1 0.7661812297734628 0.7120582120582121 0.19579288025889968 0.20582120582120583
1 0.6027508090614887 0.8887733887733887 0.15372168284789645 0.22245322245322247
1 0.9441747572815534 0.8305613305613305 0.11165048543689321 0.288981288981289
1 0.11165048543689321 0.4490644490644491 0.22006472491909385 0.2577962577962578
1 0.215210355987055 0.49272349272349275 0.1488673139158576 0.22453222453222454
1 0.2588996763754045 0.35550935550935553 0.15210355987055016 0.13721413721413722
1 0.801779935275081 0.17151767151767153 0.24110032362459546 0.21413721413721415
1 0.616504854368932 0.20582120582120583 0.10355987055016182 0.25363825363825365