4 0.5875 0.30833333333333335 0.11 0.30333333333333334
4 0.77 0.16666666666666666 0.11 0.26
4 0.37625 0.6766666666666666 0.0725 0.1
4 0.415 0.4 0.095 0.15333333333333332
4 0.59375 0.52 0.0875 0.18666666666666668
4 0.62 0.7116666666666667 0.095 0.19666666666666666
4 0.61375 0.8733333333333333 0.0775 0.18
4 0.7 0.8366666666666667 0.08 0.20666666666666667
4 0.285 0.7716666666666666 0.09 0.19666666666666666
4 0.4825 0.7466666666666667 0.095 0.23333333333333334
4 0.49875 0.895 0.1025 0.16333333333333333