4 0.4533333333333333 0.4411111111111111 0.24666666666666667 0.1622222222222222
4 0.15 0.6522222222222223 0.22 0.2288888888888889
4 0.38666666666666666 0.7 0.18 0.13777777777777778
4 0.29833333333333334 0.8277777777777777 0.21666666666666667 0.19777777777777777
4 0.62 0.6633333333333333 0.29333333333333333 0.19333333333333333
4 0.7016666666666667 0.5733333333333334 0.18333333333333332 0.2311111111111111
4 0.21833333333333332 0.43333333333333335 0.20333333333333334 0.10222222222222223
4 0.715 0.21222222222222223 0.27 0.15333333333333332
4 0.095 0.5144444444444445 0.10333333333333333 0.1711111111111111
4 0.405 0.5777777777777777 0.15 0.1111111111111111
4 0.7333333333333333 0.4533333333333333 0.12666666666666668 0.08444444444444445