22 0.4634615384615385 0.64375 0.06153846153846154 0.25625
22 0.27403846153846156 0.6234375 0.05961538461538462 0.146875
22 0.09423076923076923 0.578125 0.057692307692307696 0.25625
22 0.31634615384615383 0.190625 0.05961538461538462 0.04375
22 0.9096153846153846 0.7390625 0.10384615384615385 0.290625
22 0.9 0.428125 0.05 0.125
22 0.7278846153846154 0.6765625 0.05576923076923077 0.178125
22 0.7115384615384616 0.7828125 0.07692307692307693 0.109375
22 0.775 0.859375 0.05384615384615385 0.1875
22 0.6836538461538462 0.484375 0.10192307692307692 0.23125
22 0.8682692307692308 0.6890625 0.04807692307692308 0.184375
22 0.7413461538461539 0.396875 0.075 0.1625
22 0.14326923076923076 0.325 0.06346153846153846 0.125
22 0.4403846153846154 0.4484375 0.06538461538461539 0.221875
22 0.37115384615384617 0.5890625 0.07692307692307693 0.209375
22 0.8961538461538462 0.55625 0.12307692307692308 0.1375
22 0.6096153846153847 0.3859375 0.08461538461538462 0.190625