18 0.7461538461538462 0.6464471403812825 0.16307692307692306 0.19064124783362218
18 0.8665384615384616 0.6676776429809359 0.15923076923076923 0.18804159445407279
18 0.7123076923076923 0.7868284228769498 0.2169230769230769 0.16464471403812825
18 0.791923076923077 0.15381282495667245 0.17615384615384616 0.24870017331022531
18 0.6842307692307692 0.23830155979202772 0.1976923076923077 0.19584055459272098
18 0.8746153846153846 0.24003466204506066 0.21846153846153846 0.18717504332755633
18 0.465 0.5723570190641247 0.1776923076923077 0.16204506065857885
18 0.48384615384615387 0.45753899480069327 0.12461538461538461 0.12478336221837089
18 0.5657692307692308 0.5810225303292894 0.10230769230769231 0.14471403812824957
18 0.15346153846153845 0.7244367417677643 0.1930769230769231 0.1681109185441941
18 0.19230769230769232 0.6052859618717504 0.19538461538461538 0.1360485268630849
18 0.29615384615384616 0.7751299826689775 0.15384615384615385 0.18457538994800693
18 0.17807692307692308 0.3401213171577123 0.2823076923076923 0.23483535528596186
18 0.2561538461538462 0.14904679376083188 0.2169230769230769 0.2807625649913345
18 0.4226923076923077 0.25043327556325823 0.25769230769230766 0.25996533795493937