5 0.5688461538461539 0.6690647482014388 0.1930769230769231 0.25323741007194245
5 0.7542307692307693 0.7564748201438849 0.3223076923076923 0.11726618705035971
5 0.11576923076923076 0.6100719424460431 0.2053846153846154 0.1553956834532374
5 0.31153846153846154 0.6183453237410071 0.15538461538461537 0.24676258992805755
5 0.3873076923076923 0.7485611510791367 0.13923076923076924 0.22661870503597123
5 0.6142307692307692 0.2737410071942446 0.1776923076923077 0.27266187050359714
5 0.7446153846153846 0.1158273381294964 0.3076923076923077 0.10503597122302158
5 0.855 0.19136690647482013 0.27153846153846156 0.09784172661870504
5 0.76 0.2633093525179856 0.14153846153846153 0.1683453237410072
5 0.1519230769230769 0.14820143884892087 0.17923076923076922 0.17841726618705037
5 0.365 0.17589928057553958 0.17 0.27841726618705037
5 0.39384615384615385 0.3057553956834532 0.16615384615384615 0.22302158273381295
5 0.20807692307692308 0.3773381294964029 0.29307692307692307 0.14892086330935253