5 0.48583984375 0.541727672035139 0.2685546875 0.2957540263543192
5 0.771484375 0.5256222547584187 0.3046875 0.25768667642752563
5 0.5673828125 0.2569546120058565 0.2265625 0.5109809663250366
5 0.33935546875 0.34773060029282576 0.1826171875 0.42020497803806733
5 0.142578125 0.410688140556369 0.279296875 0.23572474377745242
5 0.2236328125 0.5900439238653001 0.232421875 0.17862371888726208
5 0.2646484375 0.7752562225475842 0.234375 0.3294289897510981
5 0.498046875 0.8038067349926794 0.21484375 0.3308931185944363
5 0.80615234375 0.7240117130307467 0.2080078125 0.23865300146412885
5 0.908203125 0.8799414348462665 0.154296875 0.24011713030746706
5 0.83984375 0.2781844802342606 0.19921875 0.17276720351390923
5 0.396484375 0.16471449487554904 0.162109375 0.17423133235724744
5 0.82080078125 0.09736456808199122 0.0947265625 0.18887262079062958
5 0.7294921875 0.17862371888726208 0.158203125 0.12298682284040996