5 0.32625 0.3290960451977401 0.09375 0.1911487758945386
5 0.2215625 0.3130885122410546 0.138125 0.16854990583804144
5 0.5659375 0.3634651600753296 0.168125 0.11299435028248588
5 0.6934375 0.4486817325800377 0.134375 0.0951035781544256
5 0.74375 0.568738229755179 0.0825 0.14689265536723164
5 0.906875 0.481638418079096 0.0675 0.2024482109227872
5 0.814375 0.698210922787194 0.0575 0.19491525423728814
5 0.5903125 0.19821092278719396 0.068125 0.1120527306967985
5 0.48375 0.18832391713747645 0.06375 0.10546139359698682
5 0.3940625 0.06685499058380415 0.074375 0.10546139359698682
5 0.32875 0.1967984934086629 0.085 0.08662900188323917
5 0.7178125 0.1120527306967985 0.133125 0.1111111111111111
5 0.949375 0.23210922787193974 0.09125 0.20056497175141244
5 0.8140625 0.1544256120527307 0.128125 0.15819209039548024