5 0.4222222222222222 0.22633136094674555 0.16 0.2988165680473373
5 0.37444444444444447 0.4319526627218935 0.15333333333333332 0.26627218934911245
5 0.4444444444444444 0.5029585798816568 0.11555555555555555 0.16568047337278108
5 0.7844444444444445 0.6997041420118343 0.17777777777777778 0.34023668639053256
5 0.6244444444444445 0.8298816568047337 0.17333333333333334 0.22189349112426035
5 0.2833333333333333 0.6390532544378699 0.13111111111111112 0.17159763313609466
5 0.12444444444444444 0.841715976331361 0.13777777777777778 0.2692307692307692
5 0.4266666666666667 0.9275147928994083 0.13777777777777778 0.12130177514792899
5 0.7088888888888889 0.17011834319526628 0.14222222222222222 0.23964497041420119
5 0.6566666666666666 0.3505917159763314 0.1622222222222222 0.1863905325443787
5 0.9177777777777778 0.23076923076923078 0.08888888888888889 0.16568047337278108