27 0.7489583333333333 0.7659722222222223 0.4583333333333333 0.4152777777777778
19 0.23489583333333333 0.7513888888888889 0.34270833333333334 0.3861111111111111
22 0.40677083333333336 0.26805555555555555 0.18645833333333334 0.36666666666666664
22 0.17708333333333334 0.29444444444444445 0.29375 0.3861111111111111
22 0.6010416666666667 0.12569444444444444 0.15 0.18472222222222223
22 0.5703125 0.3645833333333333 0.09895833333333333 0.15694444444444444
22 0.6432291666666666 0.3854166666666667 0.08645833333333333 0.23194444444444445
22 0.68125 0.14027777777777778 0.12083333333333333 0.22777777777777777
22 0.8078125 0.1798611111111111 0.05520833333333333 0.1486111111111111
22 0.9239583333333333 0.39375 0.13541666666666666 0.23194444444444445
22 0.7239583333333334 0.3840277777777778 0.0875 0.2513888888888889