21 0.5145454545454545 0.49590723055934516 0.24 0.08867667121418826
21 0.4081818181818182 0.6425648021828103 0.19454545454545455 0.21282401091405184
21 0.3654545454545455 0.3710777626193724 0.14181818181818182 0.12824010914051842
21 0.5754545454545454 0.7517053206002728 0.22 0.1364256480218281
21 0.2545454545454545 0.7353342428376535 0.2290909090909091 0.12824010914051842
21 0.2590909090909091 0.6227830832196453 0.21272727272727274 0.21145975443383355
21 0.7945454545454546 0.23942701227830832 0.3054545454545455 0.12414733969986358
21 0.8345454545454546 0.422237380627558 0.26181818181818184 0.17326057298772168
21 0.4627272727272727 0.126193724420191 0.15818181818181817 0.1432469304229195
21 0.16090909090909092 0.3710777626193724 0.19454545454545455 0.12824010914051842
21 0.5909090909090909 0.8949522510231923 0.29454545454545455 0.12005457025920874
21 0.7136363636363636 0.5770804911323328 0.17272727272727273 0.1009549795361528
21 0.18272727272727274 0.16439290586630287 0.09636363636363636 0.1296043656207367
21 0.09727272727272727 0.2407912687585266 0.11818181818181818 0.1077762619372442