26 0.6346938775510204 0.24180327868852458 0.08979591836734693 0.09562841530054644
26 0.3826530612244898 0.6584699453551912 0.0836734693877551 0.14207650273224043
26 0.7081632653061225 0.18579234972677597 0.07755102040816327 0.12021857923497267
26 0.06938775510204082 0.5109289617486339 0.1346938775510204 0.2677595628415301
26 0.11224489795918367 0.7008196721311475 0.11836734693877551 0.11202185792349727
26 0.12755102040816327 0.8333333333333334 0.0836734693877551 0.14207650273224043
26 0.1846938775510204 0.855191256830601 0.06326530612244897 0.17486338797814208
26 0.2683673469387755 0.924863387978142 0.10408163265306122 0.15027322404371585
26 0.37142857142857144 0.9426229508196722 0.06938775510204082 0.11475409836065574
26 0.7377551020408163 0.8046448087431693 0.0836734693877551 0.11202185792349727
26 0.8469387755102041 0.6475409836065574 0.061224489795918366 0.11475409836065574
26 0.6581632653061225 0.47540983606557374 0.11224489795918367 0.15300546448087432
26 0.6826530612244898 0.6215846994535519 0.04285714285714286 0.08469945355191257
26 0.5622448979591836 0.40710382513661203 0.0673469387755102 0.06557377049180328
26 0.7989795918367347 0.23633879781420766 0.17346938775510204 0.12295081967213115
26 0.7112244897959183 0.39344262295081966 0.09183673469387756 0.16939890710382513
26 0.5989795918367347 0.7622950819672131 0.05918367346938776 0.060109289617486336
26 0.4479591836734694 0.8155737704918032 0.0673469387755102 0.06830601092896176
26 0.5244897959183673 0.644808743169399 0.05714285714285714 0.06557377049180328
26 0.3122448979591837 0.6980874316939891 0.0653061224489796 0.10655737704918032
26 0.22244897959183674 0.6816939890710383 0.07755102040816327 0.1284153005464481