3 0.366875 0.44708333333333333 0.22375 0.30083333333333334
3 0.49 0.3491666666666667 0.11 0.21166666666666667
3 0.4021875 0.69125 0.231875 0.1975
3 0.616875 0.5120833333333333 0.2125 0.21583333333333332
3 0.7090625 0.27416666666666667 0.103125 0.215
3 0.8015625 0.31416666666666665 0.170625 0.23
3 0.885625 0.5204166666666666 0.22875 0.1775
3 0.756875 0.75 0.11125 0.265
3 0.6671875 0.7091666666666666 0.149375 0.255
3 0.5953125 0.83375 0.185625 0.2891666666666667
3 0.409375 0.8891666666666667 0.1325 0.22166666666666668
3 0.23 0.23208333333333334 0.11375 0.2891666666666667
3 0.103125 0.38916666666666666 0.19875 0.12166666666666667
3 0.11 0.48541666666666666 0.1925 0.1325
3 0.1259375 0.8895833333333333 0.155625 0.21916666666666668
3 0.2365625 0.5729166666666666 0.101875 0.21416666666666667
3 0.3865625 0.25458333333333333 0.206875 0.12583333333333332
3 0.429375 0.28625 0.11 0.18416666666666667
3 0.598125 0.3570833333333333 0.1125 0.14416666666666667