4 0.3869578134284017 0.6824919871794872 0.14705882352941177 0.39142628205128205
4 0.15582293523469995 0.5889423076923077 0.10962566844919786 0.22916666666666666
4 0.5307486631016043 0.31009615384615385 0.16607248960190138 0.28125
4 0.8498217468805704 0.5608974358974359 0.27124183006535946 0.266025641025641
4 0.7534165181224005 0.26903044871794873 0.09982174688057041 0.15424679487179488
4 0.6281937017231135 0.08513621794871795 0.11259655377302435 0.11338141025641026
4 0.4484551396316102 0.3423477564102564 0.16607248960190138 0.29286858974358976
4 0.18790849673202614 0.4312900641025641 0.08229352346999406 0.13982371794871795
4 0.030005941770647655 0.43569711538461536 0.059417706476530004 0.19591346153846154
4 0.19875222816399288 0.2033253205128205 0.11051693404634581 0.1686698717948718
4 0.34893048128342247 0.41386217948717946 0.10130718954248366 0.11057692307692307
4 0.27049910873440286 0.8872195512820513 0.08169934640522876 0.22556089743589744
4 0.9073083778966132 0.2920673076923077 0.0707070707070707 0.3173076923076923
4 0.43894830659536543 0.4857772435897436 0.10130718954248366 0.2608173076923077
4 0.6078431372549019 0.15665064102564102 0.12418300653594772 0.08012820512820513