29 0.12666666666666668 0.17491166077738515 0.1111111111111111 0.3215547703180212
29 0.11222222222222222 0.5600706713780919 0.14888888888888888 0.36395759717314485
29 0.35333333333333333 0.6501766784452296 0.28888888888888886 0.5795053003533569
29 0.7511111111111111 0.19964664310954064 0.3111111111111111 0.31448763250883394
29 0.5955555555555555 0.7932862190812721 0.21777777777777776 0.4134275618374558
29 0.5488888888888889 0.42226148409893993 0.22666666666666666 0.3568904593639576
29 0.8166666666666667 0.5477031802120141 0.24222222222222223 0.303886925795053
29 0.38666666666666666 0.2137809187279152 0.10222222222222223 0.29328621908127206
29 0.052222222222222225 0.1978798586572438 0.1 0.31802120141342755
29 0.7944444444444444 0.8533568904593639 0.20666666666666667 0.29328621908127206
29 0.9455555555555556 0.8816254416961131 0.10444444444444445 0.23674911660777384