5 0.4094955489614243 0.2839248434237996 0.12462908011869436 0.21294363256784968
5 0.5007418397626113 0.4488517745302714 0.08753709198813056 0.1419624217118998
5 0.12314540059347182 0.4102296450939457 0.08011869436201781 0.1524008350730689
5 0.04821958456973294 0.477035490605428 0.09050445103857567 0.11899791231732777
5 0.31750741839762614 0.06889352818371608 0.2195845697329377 0.1336116910229645
5 0.7618694362017804 0.3246346555323591 0.1083086053412463 0.18162839248434237
5 0.8954005934718101 0.4759916492693111 0.14985163204747776 0.11691022964509394
5 0.9599406528189911 0.2849686847599165 0.08011869436201781 0.20668058455114824
5 0.3427299703264095 0.7828810020876826 0.1661721068249258 0.12526096033402923
5 0.41617210682492584 0.9175365344467641 0.08456973293768547 0.1649269311064718
5 0.40281899109792285 0.6064718162839249 0.08753709198813056 0.16910229645093947
5 0.6008902077151336 0.9175365344467641 0.10089020771513353 0.06889352818371608
5 0.6313056379821959 0.68580375782881 0.08456973293768547 0.13987473903966596
5 0.5148367952522255 0.325678496868476 0.06231454005934718 0.1419624217118998
5 0.39020771513353114 0.4519832985386221 0.1543026706231454 0.1440501043841336