25 0.6448688271604939 0.20318930041152264 0.07137345679012345 0.05452674897119342
25 0.5881558641975309 0.15020576131687244 0.052083333333333336 0.11316872427983539
25 0.41705246913580246 0.9133230452674898 0.05478395061728395 0.08179012345679013
25 0.4270833333333333 0.8076131687242798 0.05941358024691358 0.05761316872427984
25 0.4234182098765432 0.8680555555555556 0.058256172839506175 0.04063786008230453
25 0.9396219135802469 0.5573559670781894 0.09915123456790123 0.11265432098765432
25 0.9097222222222222 0.6417181069958847 0.11342592592592593 0.10030864197530864
25 0.4461805555555556 0.566358024691358 0.06365740740740741 0.09362139917695474
25 0.4002700617283951 0.42824074074074076 0.07600308641975309 0.0941358024691358
25 0.35185185185185186 0.37011316872427985 0.05401234567901234 0.11059670781893004
25 0.3470293209876543 0.27237654320987653 0.05285493827160494 0.05401234567901234
25 0.5493827160493827 0.46733539094650206 0.08333333333333333 0.07767489711934156
25 0.5883487654320988 0.6268004115226338 0.10262345679012345 0.12294238683127572
25 0.4949845679012346 0.6939300411522634 0.07098765432098765 0.12448559670781893