5 0.1558641975308642 0.22016460905349794 0.13734567901234568 0.1522633744855967
5 0.08256172839506173 0.3922325102880658 0.08487654320987655 0.18569958847736626
5 0.49093364197530864 0.7916666666666666 0.10300925925925926 0.19958847736625515
5 0.5864197530864198 0.7196502057613169 0.0787037037037037 0.25308641975308643
5 0.5401234567901234 0.5928497942386831 0.11342592592592593 0.13734567901234568
5 0.6101466049382716 0.49511316872427985 0.17476851851851852 0.17746913580246915
5 0.49209104938271603 0.2463991769547325 0.12770061728395063 0.24279835390946503
5 0.6234567901234568 0.11882716049382716 0.16203703703703703 0.1388888888888889
5 0.35011574074074076 0.9351851851851852 0.16242283950617284 0.12962962962962962
5 0.2970679012345679 0.809156378600823 0.15046296296296297 0.09156378600823045
5 0.5300925925925926 0.9200102880658436 0.09799382716049383 0.15997942386831276
5 0.6089891975308642 0.8852880658436214 0.06520061728395062 0.15329218106995884
5 0.6938657407407407 0.8292181069958847 0.17708333333333334 0.1522633744855967
5 0.2465277777777778 0.30426954732510286 0.11188271604938271 0.17952674897119342