21 0.4725 0.3146875 0.07375 0.153125
21 0.51125 0.526875 0.09625 0.1375
21 0.4646875 0.60625 0.180625 0.07
21 0.6353125 0.4084375 0.120625 0.150625
21 0.5725 0.173125 0.16 0.09875
21 0.578125 0.2559375 0.08125 0.128125
21 0.7409375 0.3646875 0.183125 0.093125
21 0.883125 0.3028125 0.15125 0.138125
21 0.9296875 0.5521875 0.093125 0.220625
21 0.7190625 0.815625 0.115625 0.19375
21 0.4584375 0.7890625 0.146875 0.104375
21 0.61875 0.900625 0.11 0.19875
21 0.0678125 0.4615625 0.134375 0.158125
21 0.0925 0.6371875 0.105 0.068125
21 0.1659375 0.77625 0.146875 0.16875
21 0.270625 0.5290625 0.10875 0.119375
21 0.2690625 0.3271875 0.129375 0.093125
21 0.18625 0.245625 0.09125 0.14
21 0.0846875 0.299375 0.155625 0.09
21 0.6965625 0.1525 0.083125 0.09875
21 0.6871875 0.0709375 0.084375 0.113125
21 0.79625 0.6034375 0.1075 0.183125
21 0.6646875 0.6571875 0.164375 0.109375