5 0.5978125 0.28625 0.126875 0.2375
5 0.699375 0.425 0.145 0.135
5 0.7234375 0.13458333333333333 0.105625 0.2625
5 0.82375 0.2679166666666667 0.225 0.20916666666666667
5 0.850625 0.08625 0.1875 0.1625
5 0.62875 0.6983333333333334 0.095 0.21
5 0.765625 0.7995833333333333 0.1975 0.31083333333333335
5 0.850625 0.6908333333333333 0.20625 0.13
5 0.73625 0.585 0.1625 0.175
5 0.6253125 0.84375 0.118125 0.25583333333333336
5 0.5215625 0.6933333333333334 0.153125 0.275
5 0.449375 0.49875 0.08625 0.17916666666666667
5 0.53625 0.4175 0.13375 0.24666666666666667
5 0.34625 0.21958333333333332 0.195 0.13416666666666666
5 0.2234375 0.4033333333333333 0.090625 0.105
5 0.3309375 0.4395833333333333 0.121875 0.12416666666666666
5 0.283125 0.685 0.2 0.205