15 0.52 0.2653333333333333 0.204 0.3973333333333333
15 0.604 0.5586666666666666 0.268 0.2693333333333333
15 0.337 0.5213333333333333 0.246 0.2693333333333333
15 0.338 0.25066666666666665 0.26 0.30933333333333335
15 0.122 0.092 0.208 0.17866666666666667
15 0.096 0.304 0.188 0.2613333333333333
15 0.151 0.5226666666666666 0.158 0.23466666666666666
15 0.744 0.27466666666666667 0.18 0.3253333333333333
15 0.868 0.5933333333333334 0.264 0.2853333333333333
15 0.818 0.8706666666666667 0.288 0.25866666666666666
15 0.548 0.7906666666666666 0.208 0.38133333333333336
15 0.304 0.8773333333333333 0.328 0.24533333333333332