5 0.20625566636446055 0.1622596153846154 0.07887579329102448 0.21875
5 0.09247506799637353 0.2659254807692308 0.17497733454215775 0.13161057692307693
5 0.19333635539437896 0.3698918269230769 0.1799637352674524 0.14723557692307693
5 0.2597461468721668 0.5333533653846154 0.26745240253853125 0.1484375
5 0.5868087035358114 0.65234375 0.4193109700815956 0.25540865384615385
5 0.8003173164097914 0.2052283653846154 0.228921124206709 0.20733173076923078
5 0.7833182230281052 0.4167668269230769 0.2184950135992747 0.14723557692307693
5 0.6201269265639165 0.23046875 0.15956482320942883 0.26021634615384615
5 0.5317316409791478 0.15384615384615385 0.09882139619220308 0.29927884615384615
5 0.585675430643699 0.4305889423076923 0.19038984587488667 0.1796875
5 0.48526745240253855 0.30618990384615385 0.12919310970081596 0.1856971153846154
5 0.36944696282864914 0.4534254807692308 0.09791477787851315 0.16887019230769232
5 0.34632819582955576 0.15564903846153846 0.10788757932910245 0.15985576923076922
5 0.7719854941069809 0.9170673076923077 0.13055303717135086 0.1658653846153846
5 0.5219854941069809 0.8329326923076923 0.18540344514959203 0.18870192307692307