8 0.13348765432098766 0.5986570247933884 0.15200617283950618 0.2830578512396694
8 0.2017746913580247 0.4121900826446281 0.12808641975308643 0.33367768595041325
8 0.16473765432098766 0.1399793388429752 0.20987654320987653 0.2727272727272727
8 0.9033564814814815 0.11363636363636363 0.14467592592592593 0.2262396694214876
8 0.9452160493827161 0.5072314049586777 0.10108024691358025 0.6394628099173554
8 0.5162037037037037 0.8861053719008265 0.2337962962962963 0.2277892561983471
8 0.31867283950617287 0.6296487603305785 0.11651234567901235 0.3615702479338843
8 0.5003858024691358 0.44886363636363635 0.14351851851851852 0.16942148760330578
8 0.4209104938271605 0.6942148760330579 0.24074074074074073 0.13739669421487602
8 0.8530092592592593 0.7629132231404959 0.279320987654321 0.18388429752066116
8 0.5933641975308642 0.30010330578512395 0.12731481481481483 0.15082644628099173
8 0.7318672839506173 0.21952479338842976 0.10493827160493827 0.22107438016528927
8 0.2619598765432099 0.9139979338842975 0.14814814814814814 0.17200413223140495
8 0.09780092592592593 0.8494318181818182 0.07060185185185185 0.30113636363636365