5 0.295625 0.36679174484052535 0.115 0.22889305816135083
5 0.4896875 0.5295497185741088 0.133125 0.1848030018761726
5 0.6403125 0.5773921200750469 0.138125 0.24296435272045028
5 0.8746875 0.5440900562851783 0.150625 0.24577861163227016
5 0.79 0.2767354596622889 0.2075 0.24202626641651032
5 0.5940625 0.3893058161350844 0.214375 0.15384615384615385
5 0.5915625 0.29878048780487804 0.146875 0.1848030018761726
5 0.755 0.573170731707317 0.1775 0.1651031894934334
5 0.7465625 0.7453095684803002 0.134375 0.12851782363977485
5 0.6284375 0.8377110694183865 0.146875 0.14821763602251406
5 0.3875 0.7861163227016885 0.13625 0.1801125703564728
5 0.249375 0.6121013133208255 0.11875 0.2073170731707317
5 0.143125 0.6238273921200751 0.11625 0.25140712945590993
5 0.088125 0.4812382739212008 0.12875 0.15947467166979362
5 0.189375 0.44183864915572235 0.10875 0.16322701688555347
5 0.1078125 0.3053470919324578 0.196875 0.25422138836772984
5 0.2025 0.12570356472795496 0.14125 0.21575984990619138
5 0.80375 0.9038461538461539 0.15625 0.18667917448405252
5 0.9346875 0.7110694183864915 0.130625 0.19699812382739212