28 0.22446110590440488 0.35625 0.2352389878163074 0.12375
28 0.41705716963448924 0.2340625 0.2924086223055295 0.179375
28 0.5009372071227741 0.0696875 0.25773195876288657 0.138125
28 0.8270852858481724 0.41 0.22586691658856609 0.15375
28 0.12792877225866917 0.5975 0.21649484536082475 0.12875
28 0.18134957825679476 0.48125 0.21274601686972822 0.10125
28 0.36597938144329895 0.7328125 0.1246485473289597 0.114375
28 0.32567947516401125 0.8275 0.11152764761012184 0.0725
28 0.5449859418931584 0.725625 0.190253045923149 0.125
28 0.8059981255857545 0.2640625 0.18181818181818182 0.099375
28 0.7938144329896907 0.18125 0.24554826616682288 0.17125
28 0.11012183692596064 0.264375 0.21836925960637302 0.14375
28 0.5885660731021556 0.5571875 0.1893158388003749 0.128125