25 0.21037037037037037 0.779296875 0.03851851851851852 0.03515625
25 0.061481481481481484 0.927734375 0.028148148148148148 0.05859375
25 0.06592592592592593 0.8837890625 0.03111111111111111 0.044921875
25 0.1259259259259259 0.86328125 0.02962962962962963 0.0703125
25 0.23851851851851852 0.9169921875 0.047407407407407405 0.041015625
25 0.2777777777777778 0.703125 0.028148148148148148 0.0703125
25 0.31555555555555553 0.6845703125 0.03851851851851852 0.060546875
25 0.3548148148148148 0.703125 0.057777777777777775 0.04296875
25 0.302962962962963 0.9501953125 0.054814814814814816 0.052734375
25 0.15777777777777777 0.7587890625 0.03111111111111111 0.025390625
25 0.06962962962962962 0.6572265625 0.05925925925925926 0.060546875
25 0.21555555555555556 0.6875 0.025185185185185185 0.03125
25 0.09333333333333334 0.919921875 0.035555555555555556 0.0625
25 0.38814814814814813 0.8173828125 0.06222222222222222 0.083984375
25 0.36518518518518517 0.74609375 0.0637037037037037 0.078125
25 0.31333333333333335 0.77734375 0.06666666666666667 0.046875
25 0.2903703703703704 0.861328125 0.06222222222222222 0.0546875
25 0.16518518518518518 0.80859375 0.028148148148148148 0.0625
25 0.78 0.88671875 0.22962962962962963 0.15625
25 0.7385185185185185 0.73046875 0.23555555555555555 0.15625
25 0.052592592592592594 0.2314453125 0.04888888888888889 0.048828125
25 0.19555555555555557 0.4189453125 0.06518518518518518 0.087890625
25 0.2 0.21875 0.035555555555555556 0.03515625
25 0.2725925925925926 0.263671875 0.03851851851851852 0.04296875
25 0.3540740740740741 0.1552734375 0.06518518518518518 0.076171875
25 0.0437037037037037 0.34375 0.037037037037037035 0.1015625
25 0.2992592592592593 0.2255859375 0.047407407407407405 0.041015625
25 0.34444444444444444 0.302734375 0.06666666666666667 0.05859375
25 0.2822222222222222 0.384765625 0.04296296296296296 0.078125
25 0.2651851851851852 0.3076171875 0.03851851851851852 0.041015625
25 0.23925925925925925 0.2236328125 0.04 0.029296875
25 0.12962962962962962 0.328125 0.057777777777777775 0.078125
25 0.07407407407407407 0.1826171875 0.06814814814814815 0.099609375
25 0.14814814814814814 0.1845703125 0.05333333333333334 0.083984375
25 0.3718518518518519 0.4013671875 0.06814814814814815 0.072265625