23 0.577 0.5626666666666666 0.11 0.2613333333333333
23 0.669 0.7373333333333333 0.178 0.14133333333333334
23 0.282 0.41733333333333333 0.144 0.3333333333333333
23 0.383 0.56 0.102 0.256
23 0.452 0.2866666666666667 0.132 0.25333333333333335
23 0.532 0.12266666666666666 0.132 0.10666666666666667
23 0.496 0.45466666666666666 0.132 0.248
23 0.433 0.7573333333333333 0.25 0.14933333333333335
23 0.915 0.7133333333333334 0.17 0.43466666666666665
23 0.802 0.4146666666666667 0.172 0.14133333333333334
23 0.695 0.5826666666666667 0.198 0.25866666666666666