25 0.69921875 0.7715430861723447 0.12760416666666666 0.22444889779559118
25 0.7669270833333334 0.4939879759519038 0.13541666666666666 0.15030060120240482
25 0.400390625 0.8697394789579158 0.2565104166666667 0.22444889779559118
25 0.3697916666666667 0.4348697394789579 0.11458333333333333 0.22444889779559118
25 0.5162760416666666 0.156312625250501 0.24869791666666666 0.30060120240480964
25 0.5904947916666666 0.467935871743487 0.19401041666666666 0.15430861723446893
25 0.572265625 0.2895791583166333 0.15494791666666666 0.250501002004008
25 0.3639322916666667 0.656312625250501 0.14453125 0.15831663326653306
25 0.451171875 0.41583166332665333 0.11588541666666667 0.20240480961923848
25 0.22526041666666666 0.7565130260521042 0.19010416666666666 0.35070140280561124
25 0.236328125 0.3557114228456914 0.13671875 0.3026052104208417