26 0.13541666666666666 0.41597222222222224 0.13333333333333333 0.2263888888888889
26 0.18177083333333333 0.4638888888888889 0.071875 0.20833333333333334
26 0.6395833333333333 0.34444444444444444 0.08125 0.24166666666666667
26 0.7921875 0.4951388888888889 0.15520833333333334 0.16527777777777777
26 0.8270833333333333 0.6201388888888889 0.11041666666666666 0.13472222222222222
26 0.7473958333333334 0.6229166666666667 0.11145833333333334 0.1125
26 0.6875 0.5493055555555556 0.06875 0.12916666666666668
26 0.28229166666666666 0.3659722222222222 0.07291666666666667 0.04583333333333333
26 0.38333333333333336 0.3645833333333333 0.06875 0.07083333333333333
26 0.396875 0.43333333333333335 0.027083333333333334 0.08333333333333333
26 0.3489583333333333 0.475 0.075 0.05277777777777778
26 0.3067708333333333 0.6416666666666667 0.057291666666666664 0.1388888888888889
26 0.24895833333333334 0.5791666666666667 0.1125 0.2638888888888889
26 0.36302083333333335 0.5715277777777777 0.09270833333333334 0.12083333333333333
26 0.49114583333333334 0.4361111111111111 0.140625 0.1111111111111111
26 0.5744791666666667 0.4791666666666667 0.07395833333333333 0.13055555555555556