10 0.54931640625 0.3346354166666667 0.0380859375 0.13802083333333334
10 0.28857421875 0.5143229166666666 0.0478515625 0.16145833333333334
10 0.4189453125 0.451171875 0.03125 0.17057291666666666
10 0.25048828125 0.7486979166666666 0.0615234375 0.09375
10 0.3330078125 0.919921875 0.068359375 0.07942708333333333
10 0.208984375 0.8645833333333334 0.068359375 0.09375
10 0.181640625 0.9127604166666666 0.052734375 0.12239583333333333
10 0.25732421875 0.193359375 0.0361328125 0.09505208333333333
10 0.31689453125 0.3059895833333333 0.0400390625 0.11979166666666667
10 0.2060546875 0.3997395833333333 0.03125 0.09895833333333333
10 0.48828125 0.8196614583333334 0.029296875 0.09765625
10 0.30908203125 0.8125 0.0458984375 0.11197916666666667
10 0.056640625 0.263671875 0.052734375 0.09765625
10 0.2109375 0.51171875 0.041015625 0.1328125