5 0.1459375 0.38661417322834646 0.165625 0.2062992125984252
5 0.27125 0.40039370078740155 0.10875 0.17559055118110237
5 0.236875 0.6149606299212599 0.1 0.2141732283464567
5 0.1215625 0.5539370078740158 0.136875 0.1346456692913386
5 0.3071875 0.5744094488188977 0.104375 0.13937007874015747
5 0.3478125 0.6346456692913386 0.116875 0.14173228346456693
5 0.43625 0.7496062992125985 0.1625 0.27716535433070866
5 0.608125 0.7090551181102362 0.1075 0.14251968503937007
5 0.7059375 0.584251968503937 0.136875 0.11338582677165354
5 0.5134375 0.5818897637795276 0.196875 0.18110236220472442
5 0.4740625 0.17755905511811024 0.131875 0.18188976377952756
5 0.5078125 0.3047244094488189 0.093125 0.2031496062992126
5 0.4259375 0.30393700787401573 0.110625 0.1984251968503937
5 0.576875 0.21181102362204723 0.0575 0.14645669291338584
5 0.6859375 0.234251968503937 0.105625 0.09370078740157481
5 0.5896875 0.34488188976377954 0.045625 0.09763779527559055
5 0.8121875 0.36811023622047245 0.111875 0.14094488188976378