10 0.2056924882629108 0.3767605633802817 0.07922535211267606 0.18309859154929578
10 0.28080985915492956 0.3732394366197183 0.04870892018779343 0.1742957746478873
10 0.664906103286385 0.08714788732394366 0.08333333333333333 0.17077464788732394
10 0.4677230046948357 0.6441461267605634 0.1068075117370892 0.2363556338028169
10 0.8952464788732394 0.22909330985915494 0.05457746478873239 0.15360915492957747
10 0.9413145539906104 0.5330105633802817 0.10328638497652583 0.18661971830985916
10 0.21449530516431925 0.6153169014084507 0.12147887323943662 0.15669014084507044
10 0.7743544600938967 0.6615316901408451 0.0886150234741784 0.1954225352112676
10 0.619424882629108 0.07768485915492958 0.0710093896713615 0.13512323943661972
10 0.1572769953051643 0.36883802816901406 0.05868544600938967 0.1443661971830986
10 0.716255868544601 0.09529049295774648 0.05457746478873239 0.14216549295774647