10 0.4150390625 0.3010610079575597 0.052734375 0.33156498673740054
10 0.49755859375 0.3003978779840849 0.0751953125 0.2692307692307692
10 0.591796875 0.7460212201591512 0.140625 0.33819628647214856
10 0.720703125 0.6578249336870027 0.208984375 0.1856763925729443
10 0.81640625 0.4250663129973475 0.21875 0.19230769230769232
10 0.44970703125 0.8017241379310345 0.0615234375 0.28514588859416445
10 0.1953125 0.41909814323607425 0.087890625 0.30238726790450926
10 0.09375 0.5218832891246684 0.087890625 0.4230769230769231
10 0.4736328125 0.5503978779840849 0.103515625 0.17506631299734748
10 0.50048828125 0.8262599469496021 0.0830078125 0.34748010610079577
10 0.68994140625 0.7904509283819628 0.1181640625 0.33156498673740054
10 0.34375 0.7281167108753316 0.16015625 0.38726790450928383