10 0.5721875 0.56 0.051875 0.135
10 0.2190625 0.43875 0.061875 0.13416666666666666
10 0.145 0.5916666666666667 0.0575 0.12333333333333334
10 0.19125 0.5870833333333333 0.04375 0.12416666666666666
10 0.1228125 0.5329166666666667 0.113125 0.09416666666666666
10 0.2734375 0.4895833333333333 0.110625 0.050833333333333335
10 0.33875 0.4558333333333333 0.03 0.115
10 0.3346875 0.7608333333333334 0.069375 0.13333333333333333
10 0.7575 0.5645833333333333 0.0975 0.22416666666666665
10 0.809375 0.6291666666666667 0.05375 0.245
10 0.7490625 0.23125 0.075625 0.1625
10 0.7690625 0.8945833333333333 0.049375 0.1425
10 0.5428125 0.6975 0.049375 0.16333333333333333
10 0.4634375 0.65125 0.065625 0.1175
10 0.6646875 0.035416666666666666 0.104375 0.059166666666666666
10 0.6753125 0.09916666666666667 0.091875 0.06333333333333334
10 0.2153125 0.6908333333333333 0.068125 0.09166666666666666
10 0.22 0.8145833333333333 0.06375 0.0525
10 0.28 0.89375 0.0375 0.14583333333333334
10 0.1896875 0.26125 0.050625 0.11916666666666667
10 0.3515625 0.28875 0.030625 0.0875
10 0.3771875 0.35791666666666666 0.083125 0.0375
10 0.5840625 0.11166666666666666 0.044375 0.06833333333333333
10 0.828125 0.10791666666666666 0.0675 0.0775
10 0.6240625 0.5029166666666667 0.106875 0.0825
10 0.57125 0.43291666666666667 0.0425 0.09416666666666666
10 0.618125 0.4270833333333333 0.085 0.0675
10 0.5221875 0.6004166666666667 0.040625 0.13583333333333333
10 0.6965625 0.7120833333333333 0.075625 0.1525
10 0.8865625 0.815 0.153125 0.16666666666666666
10 0.286875 0.30291666666666667 0.06 0.059166666666666666
10 0.07125 0.24625 0.03625 0.0625