10 0.42615384615384616 0.541697147037308 0.11846153846153847 0.37673738112655447
10 0.23884615384615385 0.4231894659839064 0.22846153846153847 0.3152889539136796
10 0.22692307692307692 0.723482077542063 0.14615384615384616 0.31163130943672274
10 0.42230769230769233 0.8065106071689832 0.13846153846153847 0.2655449890270666
10 0.6526923076923077 0.6561814191660571 0.12230769230769231 0.20629114850036576
10 0.5069230769230769 0.3193123628383321 0.28615384615384615 0.25969275786393564
10 0.7615384615384615 0.42757863935625456 0.11692307692307692 0.23189465983906365
10 0.7615384615384615 0.5281638624725676 0.16307692307692306 0.26335040234089246
10 0.7465384615384615 0.7004389173372348 0.07461538461538461 0.20409656181419167
10 0.525 0.7959034381858083 0.07461538461538461 0.2721287490855889
10 0.061153846153846156 0.7882223847841989 0.07923076923076923 0.17629846378931968
10 0.5684615384615385 0.7589612289685442 0.12307692307692308 0.22457937088514995
10 0.5492307692307692 0.6254572055596196 0.12615384615384614 0.20482809070958302
10 0.3596153846153846 0.6349670811997074 0.09307692307692307 0.26335040234089246
10 0.5857692307692308 0.41002194586686175 0.22076923076923077 0.05779078273591807