10 0.43120755831118984 0.291485664639444 0.09654561558901682 0.33970460469157254
10 0.5918216710953647 0.6064291920069504 0.09300265721877768 0.4917463075586447
10 0.4061116031886625 0.7100347523892268 0.1290227339828757 0.34535186794092093
10 0.28801299084735754 0.2046046915725456 0.20283436669619131 0.2832319721980886
10 0.592855033953351 0.08470894874022589 0.28579864186595805 0.11728931364031277
10 0.8283141423088278 0.32841007819287577 0.2264540891644523 0.09643788010425716
10 0.7308827871272513 0.9122502172024327 0.27959846471803956 0.1520417028670721
10 0.3714201358134042 0.9424413553431799 0.23974018305284914 0.11511728931364032
10 0.15589016829052257 0.9380973066898349 0.21021552996752288 0.12380538662033015
10 0.1772955417773841 0.4880538662033015 0.13788012990847356 0.4226759339704605
10 0.09374077354591083 0.11533449174630755 0.18689105403011513 0.13770634231103387