4 0.22833333333333333 0.21333333333333335 0.1811111111111111 0.2696296296296296
4 0.33111111111111113 0.5474074074074075 0.13555555555555557 0.21777777777777776
4 0.5088888888888888 0.3466666666666667 0.10222222222222223 0.2607407407407407
4 0.655 0.5118518518518519 0.13 0.17037037037037037
4 0.7644444444444445 0.7051851851851851 0.13777777777777778 0.24592592592592594
4 0.83 0.3725925925925926 0.14888888888888888 0.28296296296296297
4 0.6905555555555556 0.1274074074074074 0.2811111111111111 0.19555555555555557
4 0.3522222222222222 0.8422222222222222 0.14444444444444443 0.2414814814814815
4 0.09166666666666666 0.7451851851851852 0.16777777777777778 0.34074074074074073
4 0.28944444444444445 0.7288888888888889 0.11444444444444445 0.13333333333333333
4 0.43222222222222223 0.6459259259259259 0.12666666666666668 0.1362962962962963
4 0.9366666666666666 0.7659259259259259 0.11555555555555555 0.18074074074074073
4 0.35888888888888887 0.2725925925925926 0.13333333333333333 0.23407407407407407