3 0.3888363292336802 0.4099099099099099 0.15894039735099338 0.3153153153153153
3 0.575212866603595 0.3969594594594595 0.14758751182592242 0.2916666666666667
3 0.6428571428571429 0.48367117117117114 0.1977294228949858 0.30067567567567566
3 0.7805108798486282 0.5050675675675675 0.12677388836329234 0.1768018018018018
3 0.1650898770104068 0.6480855855855856 0.30179754020813626 0.20157657657657657
3 0.2403027436140019 0.4617117117117117 0.12298959318826869 0.10135135135135136
3 0.2956480605487228 0.5236486486486487 0.1466414380321665 0.1373873873873874
3 0.7327341532639546 0.05349099099099099 0.10501419110690634 0.10247747747747747
3 0.4616840113528855 0.20326576576576577 0.1986754966887417 0.08445945945945946
3 0.6863765373699149 0.21340090090090091 0.12771996215704826 0.12274774774774774
3 0.9167455061494797 0.3885135135135135 0.1665089877010407 0.0945945945945946
3 0.9441816461684012 0.34684684684684686 0.11163670766319773 0.13513513513513514
3 0.7242194891201513 0.7347972972972973 0.17123935666982024 0.12274774774774774
3 0.8987701040681173 0.9217342342342343 0.1892147587511826 0.15653153153153154
3 0.7043519394512772 0.9166666666666666 0.18826868495742669 0.16666666666666666
3 0.09224219489120151 0.49042792792792794 0.16177861873226113 0.125