4 0.6658057851239669 0.34066358024691357 0.16322314049586778 0.22993827160493827
4 0.8620867768595041 0.3773148148148148 0.20454545454545456 0.3341049382716049
4 0.9708161157024794 0.4409722222222222 0.05836776859504132 0.10339506172839506
4 0.8419421487603306 0.5883487654320988 0.14359504132231404 0.11265432098765432
4 0.6802685950413223 0.6354166666666666 0.18181818181818182 0.14506172839506173
4 0.5289256198347108 0.15316358024691357 0.259297520661157 0.30092592592592593
4 0.7197830578512396 0.055169753086419755 0.12138429752066116 0.1095679012345679
4 0.38171487603305787 0.3402777777777778 0.16115702479338842 0.1597222222222222
4 0.5320247933884298 0.6641589506172839 0.10847107438016529 0.16550925925925927
4 0.9341425619834711 0.5266203703703703 0.13171487603305784 0.11419753086419752
4 0.27737603305785125 0.12962962962962962 0.22727272727272727 0.24614197530864199