3 0.5463235294117647 0.5022026431718062 0.2661764705882353 0.28634361233480177
3 0.8419117647058824 0.4878854625550661 0.19264705882352942 0.31057268722466963
3 0.7522058823529412 0.1817180616740088 0.2161764705882353 0.30176211453744495
3 0.22058823529411764 0.6035242290748899 0.22941176470588234 0.13215859030837004
3 0.40955882352941175 0.538546255506608 0.13676470588235295 0.18722466960352424
3 0.2088235294117647 0.4801762114537445 0.19705882352941176 0.18502202643171806
3 0.6102941176470589 0.73568281938326 0.27058823529411763 0.23348017621145375
3 0.8352941176470589 0.8623348017621145 0.1588235294117647 0.2753303964757709
3 0.2963235294117647 0.788546255506608 0.15441176470588236 0.33480176211453744
3 0.12426470588235294 0.8590308370044053 0.225 0.2775330396475771
3 0.08235294117647059 0.6200440528634361 0.13823529411764707 0.24008810572687225