12 0.22111111111111112 0.3046272493573265 0.07777777777777778 0.11053984575835475
12 0.09888888888888889 0.3309768637532134 0.10444444444444445 0.05784061696658098
12 0.5366666666666666 0.36568123393316193 0.09333333333333334 0.16838046272493573
12 0.4311111111111111 0.37724935732647813 0.06666666666666667 0.10411311053984576
12 0.37833333333333335 0.2892030848329049 0.12555555555555556 0.08740359897172237
12 0.31444444444444447 0.2358611825192802 0.06 0.04755784061696658
12 0.28944444444444445 0.29562982005141386 0.05444444444444444 0.10796915167095116
12 0.23 0.2358611825192802 0.08888888888888889 0.04498714652956298
12 0.20777777777777778 0.17673521850899743 0.08666666666666667 0.04755784061696658
12 0.6833333333333333 0.39203084832904883 0.06666666666666667 0.16195372750642673
12 0.7411111111111112 0.44794344473007713 0.06666666666666667 0.15295629820051415
12 0.6433333333333333 0.3097686375321337 0.08666666666666667 0.10282776349614396
12 0.8111111111111111 0.5623393316195373 0.06444444444444444 0.09125964010282776
12 0.8433333333333334 0.62146529562982 0.04 0.16838046272493573
12 0.8805555555555555 0.493573264781491 0.07222222222222222 0.07712082262210797
12 0.5183333333333333 0.6722365038560412 0.10333333333333333 0.07712082262210797
12 0.5283333333333333 0.6079691516709511 0.08555555555555555 0.07197943444730077
12 0.6455555555555555 0.7043701799485861 0.11777777777777777 0.12082262210796915