25 0.3993055555555556 0.35353535353535354 0.125 0.12121212121212122
25 0.12152777777777778 0.3787878787878788 0.13194444444444445 0.12121212121212122
25 0.3645833333333333 0.5151515151515151 0.125 0.20202020202020202
25 0.10590277777777778 0.7272727272727273 0.08680555555555555 0.18181818181818182
25 0.078125 0.5782828282828283 0.1284722222222222 0.14646464646464646
25 0.2170138888888889 0.7474747474747475 0.12152777777777778 0.1919191919191919
25 0.3697916666666667 0.7045454545454546 0.13541666666666666 0.17676767676767677
25 0.4114583333333333 0.8712121212121212 0.14930555555555555 0.22727272727272727
25 0.8836805555555556 0.44696969696969696 0.08680555555555555 0.17676767676767677
25 0.9149305555555556 0.22727272727272727 0.0798611111111111 0.18181818181818182
25 0.7760416666666666 0.24242424242424243 0.13541666666666666 0.08080808080808081
25 0.7864583333333334 0.10606060606060606 0.08680555555555555 0.1414141414141414
25 0.6493055555555556 0.24242424242424243 0.16666666666666666 0.31313131313131315
25 0.10416666666666667 0.1893939393939394 0.11805555555555555 0.14646464646464646
25 0.17881944444444445 0.10353535353535354 0.10069444444444445 0.18686868686868688
25 0.24305555555555555 0.18686868686868688 0.09722222222222222 0.1111111111111111