14 0.318359375 0.19987228607918264 0.248046875 0.28735632183908044
14 0.44677734375 0.5938697318007663 0.2080078125 0.3218390804597701
14 0.74560546875 0.6787994891443168 0.2294921875 0.17496807151979565
14 0.603515625 0.43103448275862066 0.171875 0.17752234993614305
14 0.50390625 0.12899106002554278 0.1875 0.1839080459770115
14 0.2646484375 0.39846743295019155 0.169921875 0.19923371647509577
14 0.15625 0.23180076628352492 0.115234375 0.2515964240102171
14 0.23828125 0.6666666666666666 0.234375 0.18646232439335889
14 0.1171875 0.8237547892720306 0.14453125 0.1839080459770115
14 0.0810546875 0.6270753512132823 0.1015625 0.2120051085568327
14 0.7021484375 0.31928480204342274 0.1015625 0.15070242656449553
14 0.71875 0.48659003831417624 0.08203125 0.17879948914431673
14 0.63427734375 0.10727969348659004 0.0830078125 0.20945083014048532
14 0.55517578125 0.2841634738186462 0.1455078125 0.16475095785440613
14 0.8818359375 0.3065134099616858 0.126953125 0.2503192848020434
14 0.90576171875 0.1417624521072797 0.1572265625 0.11749680715197956
14 0.7939453125 0.17369093231162197 0.1328125 0.1251596424010217
14 0.896484375 0.6730523627075351 0.103515625 0.24776500638569604
14 0.8486328125 0.8473818646232439 0.15625 0.17752234993614305
14 0.5703125 0.7790549169859514 0.17578125 0.1966794380587484
14 0.38916015625 0.8180076628352491 0.2041015625 0.17752234993614305
14 0.7265625 0.8780332056194126 0.1328125 0.11877394636015326
14 0.6396484375 0.9303959131545338 0.046875 0.1111111111111111
14 0.63525390625 0.8077905491698595 0.0595703125 0.1417624521072797