14 0.17791666666666667 0.2978125 0.3258333333333333 0.163125
14 0.42 0.3221875 0.19333333333333333 0.089375
14 0.5804166666666667 0.22625 0.21416666666666667 0.13875
14 0.6920833333333334 0.3228125 0.2675 0.128125
14 0.6429166666666667 0.444375 0.22583333333333333 0.10375
14 0.8445833333333334 0.44125 0.1625 0.1775
14 0.7895833333333333 0.6359375 0.15583333333333332 0.163125
14 0.6495833333333333 0.719375 0.1025 0.11375
14 0.8670833333333333 0.840625 0.21583333333333332 0.18625
14 0.36333333333333334 0.7278125 0.26166666666666666 0.215625
14 0.31583333333333335 0.548125 0.15166666666666667 0.1375
14 0.15416666666666667 0.465625 0.225 0.1325
14 0.45708333333333334 0.4371875 0.24083333333333334 0.106875
14 0.5308333333333334 0.8390625 0.12666666666666668 0.194375
14 0.6854166666666667 0.8625 0.12916666666666668 0.19875