25 0.21786833855799373 0.6816283924843424 0.050156739811912224 0.06889352818371608
25 0.15203761755485892 0.662839248434238 0.07523510971786834 0.05636743215031315
25 0.542319749216301 0.4759916492693111 0.034482758620689655 0.05010438413361169
25 0.4992163009404389 0.8100208768267223 0.054858934169279 0.054279749478079335
25 0.44905956112852663 0.837160751565762 0.02664576802507837 0.06263048016701461
25 0.5736677115987461 0.8643006263048016 0.050156739811912224 0.09603340292275574
25 0.39733542319749215 0.7933194154488518 0.061128526645768025 0.07515657620041753
25 0.7946708463949843 0.7703549060542797 0.06583072100313479 0.05845511482254697
25 0.8142633228840125 0.627348643006263 0.07366771159874608 0.06471816283924843
25 0.3487460815047022 0.7181628392484343 0.06426332288401254 0.07933194154488518
25 0.6340125391849529 0.7995824634655533 0.045454545454545456 0.10438413361169102
25 0.713166144200627 0.7713987473903967 0.05642633228840126 0.1022964509394572
25 0.38636363636363635 0.4968684759916493 0.02664576802507837 0.07933194154488518
25 0.4263322884012539 0.48851774530271397 0.03761755485893417 0.05845511482254697
25 0.47335423197492166 0.5052192066805845 0.034482758620689655 0.05010438413361169
25 0.518025078369906 0.5271398747390397 0.04231974921630094 0.04801670146137787
25 0.4702194357366771 0.6743215031315241 0.034482758620689655 0.09603340292275574
25 0.5164576802507836 0.7254697286012526 0.05799373040752351 0.05219206680584551
25 0.5752351097178683 0.5636743215031316 0.07210031347962383 0.054279749478079335