25 0.5446708463949843 0.8413361169102297 0.10188087774294671 0.06263048016701461
25 0.19905956112852666 0.6837160751565762 0.16927899686520376 0.15657620041753653
25 0.6551724137931034 0.8883089770354906 0.10658307210031348 0.081419624217119
25 0.3683385579937304 0.7954070981210856 0.05329153605015674 0.04175365344467641
25 0.4286833855799373 0.8319415448851775 0.04231974921630094 0.08559498956158663
25 0.20376175548589343 0.8559498956158664 0.06583072100313479 0.09603340292275574
25 0.29231974921630094 0.7588726513569938 0.03918495297805643 0.07724425887265135
25 0.21551724137931033 0.7713987473903967 0.061128526645768025 0.09812108559498957
25 0.25783699059561127 0.8580375782881002 0.054858934169279 0.10855949895615867
25 0.27037617554858934 0.5918580375782881 0.11755485893416928 0.12734864300626306
25 0.24059561128526646 0.4394572025052192 0.0987460815047022 0.081419624217119
25 0.30407523510971785 0.31941544885177453 0.06896551724137931 0.1419624217118998
25 0.20924764890282133 0.3068893528183716 0.10188087774294671 0.1127348643006263
25 0.3785266457680251 0.535490605427975 0.07053291536050156 0.07306889352818371
25 0.48510971786833856 0.5709812108559499 0.07366771159874608 0.07724425887265135
25 0.3981191222570533 0.6283924843423799 0.05642633228840126 0.12526096033402923
25 0.5086206896551724 0.3914405010438413 0.06426332288401254 0.081419624217119
25 0.45454545454545453 0.3977035490605428 0.04075235109717868 0.060542797494780795
25 0.44592476489028215 0.33924843423799583 0.08307210031347963 0.11064718162839249
25 0.609717868338558 0.4321503131524008 0.05956112852664577 0.16701461377870563
25 0.6865203761755486 0.3903966597077244 0.07523510971786834 0.1419624217118998
25 0.7578369905956113 0.4102296450939457 0.10815047021943573 0.08559498956158663
25 0.817398119122257 0.6356993736951984 0.09247648902821316 0.12317327766179541
25 0.6285266457680251 0.732776617954071 0.10031347962382445 0.10855949895615867
25 0.6590909090909091 0.5688935281837161 0.09247648902821316 0.09812108559498957
25 0.7617554858934169 0.5260960334029228 0.07210031347962383 0.14613778705636743