14 0.138125 0.3975 0.19125 0.22833333333333333
14 0.309375 0.39416666666666667 0.12375 0.23833333333333334
14 0.209375 0.5858333333333333 0.17625 0.195
14 0.4325 0.20916666666666667 0.185 0.225
14 0.571875 0.31666666666666665 0.15125 0.16
14 0.429375 0.4066666666666667 0.14375 0.20333333333333334
14 0.729375 0.09583333333333334 0.16875 0.175
14 0.709375 0.23666666666666666 0.14875 0.11333333333333333
14 0.8275 0.14833333333333334 0.1125 0.14666666666666667
14 0.53 0.6783333333333333 0.145 0.26
14 0.30625 0.8283333333333334 0.1925 0.26666666666666666
14 0.333125 0.6125 0.13125 0.175
14 0.4625 0.7533333333333333 0.16 0.22666666666666666
14 0.696875 0.9091666666666667 0.14875 0.18166666666666667
14 0.796875 0.8508333333333333 0.14375 0.19833333333333333
14 0.724375 0.5266666666666666 0.19625 0.21666666666666667
14 0.519375 0.51 0.21625 0.19
14 0.89125 0.28583333333333333 0.1675 0.15166666666666667