3 0.51708984375 0.5972222222222222 0.1103515625 0.21825396825396826
3 0.81103515625 0.5443121693121693 0.1181640625 0.294973544973545
3 0.83447265625 0.7658730158730159 0.1005859375 0.2328042328042328
3 0.958984375 0.6613756613756614 0.08203125 0.1984126984126984
3 0.8876953125 0.3974867724867725 0.076171875 0.15211640211640212
3 0.88232421875 0.1865079365079365 0.0712890625 0.21164021164021163
3 0.6396484375 0.416005291005291 0.109375 0.1335978835978836
3 0.63330078125 0.5621693121693122 0.1005859375 0.16137566137566137
3 0.6181640625 0.6871693121693122 0.123046875 0.0992063492063492
3 0.61669921875 0.8075396825396826 0.1083984375 0.1335978835978836
3 0.33349609375 0.6494708994708994 0.1572265625 0.09523809523809523
3 0.36767578125 0.5357142857142857 0.1396484375 0.1402116402116402
3 0.169921875 0.4603174603174603 0.091796875 0.15343915343915343
3 0.2265625 0.8465608465608465 0.11328125 0.1746031746031746
3 0.14306640625 0.9232804232804233 0.0986328125 0.15343915343915343
3 0.07568359375 0.8042328042328042 0.1103515625 0.10846560846560846
3 0.45556640625 0.8366402116402116 0.1220703125 0.09391534391534391
3 0.50048828125 0.7632275132275133 0.0830078125 0.12962962962962962
3 0.3955078125 0.83994708994709 0.123046875 0.15608465608465608