5 0.4515625 0.6830543933054394 0.165625 0.12761506276150628
5 0.46796875 0.7761506276150628 0.1171875 0.11715481171548117
5 0.3328125 0.8138075313807531 0.128125 0.13807531380753138
5 0.275 0.6527196652719666 0.1375 0.11715481171548117
5 0.4 0.5763598326359832 0.1 0.1192468619246862
5 0.36875 0.5031380753138075 0.134375 0.10669456066945607
5 0.2328125 0.4560669456066946 0.1375 0.10460251046025104
5 0.16640625 0.6527196652719666 0.1171875 0.17154811715481172
5 0.1046875 0.8577405857740585 0.20625 0.20502092050209206
5 0.17890625 0.9288702928870293 0.1640625 0.14225941422594143
5 0.60546875 0.7761506276150628 0.1859375 0.1297071129707113
5 0.7390625 0.8493723849372385 0.096875 0.1799163179916318
5 0.80390625 0.7688284518828452 0.1484375 0.11506276150627615
5 0.8984375 0.856694560669456 0.125 0.13179916317991633
5 0.76015625 0.952928870292887 0.1234375 0.09414225941422594
5 0.6375 0.9361924686192469 0.1125 0.12761506276150628
5 0.11015625 0.3514644351464435 0.0984375 0.2384937238493724
5 0.2140625 0.23430962343096234 0.075 0.20502092050209206
5 0.45703125 0.21234309623430964 0.0796875 0.2196652719665272
5 0.5765625 0.18200836820083682 0.109375 0.26359832635983266
5 0.6640625 0.11820083682008369 0.090625 0.22384937238493724
5 0.93828125 0.28451882845188287 0.1234375 0.2594142259414226
5 0.88984375 0.10669456066945607 0.1171875 0.18828451882845187
5 0.78671875 0.5543933054393305 0.0890625 0.20502092050209206
5 0.653125 0.4989539748953975 0.115625 0.17782426778242677
5 0.5390625 0.547071129707113 0.16875 0.10251046025104603