22 0.7583607456140351 0.45010964912280704 0.07867324561403509 0.15460526315789475
22 0.2602796052631579 0.3793859649122807 0.09841008771929824 0.09649122807017543
22 0.3463541666666667 0.7090643274853801 0.0649671052631579 0.14181286549707603
22 0.8497807017543859 0.23300438596491227 0.07785087719298246 0.16337719298245615
22 0.7109375 0.13596491228070176 0.14830043859649122 0.08552631578947369
22 0.41584429824561403 0.16392543859649122 0.12938596491228072 0.08223684210526316
22 0.35964912280701755 0.25493421052631576 0.08826754385964912 0.11878654970760234
22 0.6962719298245614 0.633406432748538 0.0581140350877193 0.12134502923976608
22 0.6306195175438597 0.6584429824561403 0.08908991228070176 0.12390350877192982
22 0.5822368421052632 0.32108918128654973 0.06962719298245613 0.1297514619883041
22 0.5248081140350878 0.3223684210526316 0.07757675438596491 0.1440058479532164
22 0.6996984649122807 0.30025584795321636 0.11869517543859649 0.18823099415204678