22 0.54345703125 0.6197916666666666 0.1982421875 0.4114583333333333
22 0.81591796875 0.259765625 0.1318359375 0.20182291666666666
22 0.8681640625 0.5240885416666666 0.177734375 0.23307291666666666
22 0.75 0.6158854166666666 0.171875 0.2890625
22 0.67724609375 0.494140625 0.0810546875 0.12890625
22 0.693359375 0.3157552083333333 0.08984375 0.17317708333333334
22 0.53857421875 0.19075520833333334 0.2724609375 0.3424479166666667
22 0.48681640625 0.4817708333333333 0.1103515625 0.19270833333333334
22 0.3828125 0.4928385416666667 0.1484375 0.23567708333333334
22 0.220703125 0.4069010416666667 0.35546875 0.3268229166666667
22 0.39599609375 0.291015625 0.1435546875 0.14192708333333334