25 0.3428308823529412 0.8317307692307693 0.13051470588235295 0.18269230769230768
25 0.5827205882352942 0.47596153846153844 0.09926470588235294 0.05576923076923077
25 0.7288602941176471 0.6346153846153846 0.05330882352941176 0.057692307692307696
25 0.5643382352941176 0.3490384615384615 0.10661764705882353 0.14038461538461539
25 0.23345588235294118 0.41346153846153844 0.23529411764705882 0.14615384615384616
25 0.3952205882352941 0.2423076923076923 0.17647058823529413 0.16153846153846155
25 0.5569852941176471 0.1528846153846154 0.07352941176470588 0.14807692307692308
25 0.4485294117647059 0.4807692307692308 0.11397058823529412 0.1
25 0.6544117647058824 0.7673076923076924 0.11397058823529412 0.09230769230769231
25 0.6488970588235294 0.6336538461538461 0.08455882352941177 0.05576923076923077
25 0.36764705882352944 0.6009615384615384 0.04779411764705882 0.06346153846153846
25 0.28860294117647056 0.6865384615384615 0.08823529411764706 0.1