25 0.8468137254901961 0.9127859477124183 0.11458333333333333 0.1744281045751634
25 0.5991115196078431 0.9195261437908496 0.09712009803921569 0.10294117647058823
25 0.5016850490196079 0.7279411764705882 0.1014093137254902 0.12336601307189543
25 0.5575980392156863 0.08108660130718955 0.07230392156862746 0.07475490196078431
25 0.4840686274509804 0.1235702614379085 0.04779411764705882 0.06576797385620915
25 0.5356924019607843 0.24509803921568626 0.06709558823529412 0.06944444444444445
25 0.44424019607843135 0.20833333333333334 0.08823529411764706 0.059640522875817
25 0.7391237745098039 0.22099673202614378 0.07628676470588236 0.0857843137254902
25 0.5606617647058824 0.4446486928104575 0.12806372549019607 0.11233660130718955
25 0.7755821078431373 0.6239787581699346 0.06954656862745098 0.0959967320261438
25 0.7933517156862745 0.43075980392156865 0.07628676470588236 0.1213235294117647
25 0.7775735294117647 0.3553921568627451 0.05698529411764706 0.059640522875817
25 0.10784313725490197 0.39052287581699346 0.06066176470588235 0.12009803921568628
25 0.26868872549019607 0.8255718954248366 0.18872549019607843 0.12663398692810457
25 0.18259803921568626 0.914828431372549 0.09129901960784313 0.17034313725490197
25 0.22273284313725492 0.7132352941176471 0.07720588235294118 0.15849673202614378
25 0.47870710784313725 0.6601307189542484 0.06403186274509803 0.12745098039215685
25 0.4102328431372549 0.5330882352941176 0.12009803921568628 0.1111111111111111
25 0.4869791666666667 0.4881535947712418 0.08425245098039216 0.09967320261437909
25 0.2887561274509804 0.09252450980392157 0.06587009803921569 0.10334967320261437
25 0.3005514705882353 0.23100490196078433 0.06924019607843138 0.1156045751633987
25 0.2035845588235294 0.16993464052287582 0.07077205882352941 0.12908496732026145
25 0.14338235294117646 0.255718954248366 0.06004901960784314 0.16666666666666666