5 0.299 0.6473333333333333 0.268 0.252
5 0.382 0.7573333333333333 0.172 0.328
5 0.584 0.6333333333333333 0.288 0.25333333333333335
5 0.704 0.448 0.144 0.24
5 0.872 0.39666666666666667 0.256 0.23066666666666666
5 0.612 0.382 0.268 0.22266666666666668
5 0.3945 0.394 0.167 0.28933333333333333
5 0.343 0.198 0.18 0.2733333333333333
5 0.1455 0.06266666666666666 0.245 0.12266666666666666
5 0.17 0.48333333333333334 0.156 0.2946666666666667
5 0.073 0.7286666666666667 0.144 0.17733333333333334
5 0.156 0.81 0.152 0.32133333333333336
5 0.896 0.24466666666666667 0.132 0.22
5 0.6365 0.25266666666666665 0.193 0.15066666666666667
5 0.535 0.09333333333333334 0.212 0.14666666666666667