5 0.7222222222222222 0.37777777777777777 0.09444444444444444 0.2037037037037037
5 0.7854166666666667 0.537962962962963 0.1486111111111111 0.08333333333333333
5 0.8861111111111111 0.5416666666666666 0.13333333333333333 0.18333333333333332
5 0.7083333333333334 0.5435185185185185 0.09444444444444444 0.13518518518518519
5 0.5881944444444445 0.7453703703703703 0.1597222222222222 0.1388888888888889
5 0.4826388888888889 0.7481481481481481 0.1125 0.15185185185185185
5 0.525 0.6287037037037037 0.15 0.10185185185185185
5 0.30972222222222223 0.6851851851851852 0.11666666666666667 0.1814814814814815
5 0.19305555555555556 0.6148148148148148 0.1361111111111111 0.09259259259259259
5 0.2048611111111111 0.5416666666666666 0.14027777777777778 0.13148148148148148
5 0.28888888888888886 0.5175925925925926 0.07222222222222222 0.1537037037037037
5 0.27291666666666664 0.3 0.12083333333333333 0.1037037037037037
5 0.19444444444444445 0.17685185185185184 0.14722222222222223 0.07222222222222222
5 0.29097222222222224 0.09814814814814815 0.06527777777777778 0.15925925925925927
5 0.4701388888888889 0.22407407407407406 0.10694444444444444 0.14444444444444443
5 0.5652777777777778 0.3101851851851852 0.1 0.17222222222222222