5 0.214 0.6106666666666667 0.334 0.38133333333333336
5 0.398 0.7233333333333334 0.312 0.19866666666666666
5 0.524 0.5953333333333334 0.224 0.228
5 0.645 0.7666666666666667 0.256 0.19466666666666665
5 0.8525 0.754 0.211 0.23333333333333334
5 0.5395 0.8893333333333333 0.123 0.22133333333333333
5 0.3145 0.8866666666666667 0.157 0.21866666666666668
5 0.1315 0.92 0.195 0.16
5 0.158 0.20066666666666666 0.18 0.1
5 0.275 0.32066666666666666 0.104 0.31333333333333335
5 0.361 0.342 0.076 0.22
5 0.543 0.22266666666666668 0.15 0.18666666666666668
5 0.597 0.30733333333333335 0.23 0.20666666666666667
5 0.8805 0.43333333333333335 0.141 0.33066666666666666
5 0.7795 0.048666666666666664 0.227 0.09466666666666666