5 0.23055555555555557 0.3441666666666667 0.09666666666666666 0.285
5 0.33111111111111113 0.49333333333333335 0.1711111111111111 0.15666666666666668
5 0.42944444444444446 0.6233333333333333 0.09888888888888889 0.15333333333333332
5 0.48333333333333334 0.38166666666666665 0.07333333333333333 0.21333333333333335
5 0.58 0.365 0.07777777777777778 0.19333333333333333
5 0.6583333333333333 0.6133333333333333 0.1322222222222222 0.22333333333333333
5 0.7966666666666666 0.635 0.22444444444444445 0.18333333333333332
5 0.69 0.8425 0.12666666666666668 0.255
5 0.5722222222222222 0.7591666666666667 0.08888888888888889 0.145
5 0.49666666666666665 0.7508333333333334 0.06222222222222222 0.16833333333333333
5 0.42055555555555557 0.7658333333333334 0.12111111111111111 0.165
5 0.23666666666666666 0.63 0.10888888888888888 0.19333333333333333
5 0.18611111111111112 0.6941666666666667 0.07222222222222222 0.11833333333333333
5 0.1 0.5058333333333334 0.1 0.165
5 0.12666666666666668 0.23166666666666666 0.13555555555555557 0.17666666666666667
5 0.475 0.1375 0.16777777777777778 0.25833333333333336
5 0.7544444444444445 0.12416666666666666 0.17333333333333334 0.23166666666666666
5 0.13277777777777777 0.6783333333333333 0.09444444444444444 0.21333333333333335
5 0.4066666666666667 0.38333333333333336 0.13111111111111112 0.22
5 0.5088888888888888 0.6283333333333333 0.04888888888888889 0.09333333333333334