5 0.29388503086419754 0.1707175925925926 0.14216820987654322 0.22511574074074073
5 0.4270833333333333 0.19126157407407407 0.10725308641975309 0.2465277777777778
5 0.2855902777777778 0.34968171296296297 0.1556712962962963 0.12008101851851852
5 0.39641203703703703 0.47554976851851855 0.05709876543209876 0.24971064814814814
5 0.1440972222222222 0.47511574074074076 0.17862654320987653 0.27025462962962965
5 0.16772762345679013 0.7660590277777778 0.10435956790123457 0.3527199074074074
5 0.3474151234567901 0.73828125 0.09375 0.25202546296296297
5 0.45109953703703703 0.6568287037037037 0.16647376543209877 0.16377314814814814
5 0.775366512345679 0.5415219907407407 0.10088734567901235 0.34519675925925924
5 0.9010416666666666 0.6177662037037037 0.1550925925925926 0.1736111111111111
5 0.6474729938271605 0.6187789351851852 0.09934413580246913 0.20167824074074073
5 0.7160493827160493 0.8217592592592593 0.07060185185185185 0.23032407407407407
5 0.8707561728395061 0.8631365740740741 0.21141975308641975 0.2465277777777778
5 0.6299189814814815 0.14076967592592593 0.0785108024691358 0.25491898148148145
5 0.7707368827160493 0.27314814814814814 0.2185570987654321 0.16377314814814814